1
2
3
4
5
6
7
8
9
10
11
12
13
14
15
16
17
18
19
20
21
22
23
24
25
26
27
28
29
30
31
32
33
34
35
36
37
38
39
40
41
42
43
44
45
46
47
48
49
50
51
52
53
54
55
56
57
58
59
60
61
62
63
64
65
66
67
68
69
70
71
72
73
74
75
76
77
78
79
80
81
82
83
84
85
86
87
88
89
90
91
92
93
94
95
96
97
98
99
100
101
102
103
104
105
106
107
108
109
110
111
112
113
114
115
116
117
118
119
120
121
122
123
124
125
126
127
128
129
130
131
132
133
134
135
136
137
138
139
140
141
142
143
144
145
146
147
148
149
150
151
152
153
154
155
156
157
158
159
160
161
162
163
164
165
166
167
168
169
170
171
172
173
174
175
176
177
178
179
180
181
182
183
184
185
186
187
188
189
190
191
192
193
194
195
196
197
198
199
200
201
202
203
204
205
206
207
208
209
210
211
212
213
214
215
216
217
218
219
220
221
222
223
224
225
226
227
228
229
230
231
232
233
234
235
236
237
238
239
240
241
242
243
244
245
246
247
248
249
250
251
252
253
254
255
256
257
258
259
260
261
262
263
264
265
266
267
268
269
270
271
272
273
274
275
276
277
278
279
280
281
282
283
284
285
286
287
288
289
290
291
292
293
294
295
296
297
298
299
300
301
302
303
304
305
306
307
308
309
310
311
312
313
314
315
316
317
318
319
320
321
322
323
324
325
326
327
328
329
330
331
332
333
334
335
336
337
338
339
340
341
343
344
345
346
349
352
364
365
369
381
388
413
420
421
451
469
482
502
531
538
541
584
598
632
644
680
685
764
813
881
953
987
1017
1026
1062
1092
1120
1138
1264
1333
1421
1447
1457
1520
1632
1692
1719
1728
1784
1786
1858
1926
2026
2115
2122
2227
2230
2302
2323
2474
2477
2504
2514
2515
2557
2579
2622
2636
2683
2809
2811
2816
2875
2894
2920
2940
2947
2994
2997
3019
3061
3114
3140
3589
3609
3807
4074
4094
4116
4163
4227
4243
4246
4417
4570
4694
4833
5375
5392
5397
5436
5440
5448
5516
5646
5726
6123
6128
6226
6799
7119
7226
7261
7293
7309
7381
7534
7548
7571
7627
7737
7857
7982
8018
8112
8224
8227
8482
8627
8698
8722
8783
8810
8980
9013
9220
9234
9291
9725
9968
10022
10094
10109
10180
10224
10608
10688
10698
10784
10808
10847
10894
10943
11132
11333
11407
11453
11797
11907
12077
12100
12156
12223
12259
12305
12366
12553
12654
12765
12908
13018
13278
13757
13843
14127
14446
14536
14626
14659
14870
14903
14957
15016
15221
15683
16301
16555
16884
17065
17072
17098
17408
17474
17581
17584
17725
17882
18482
19268
19505
19535
19778
20055
20110
21129
21296
21418
21508
21734
21909
21961
21989
22104
22324
22734
23127
23152
23418
24135
24601
25458
25522
26133
26518
26601
26608
26725
27113
27321
27354
27451
27478
27494
27592
27868
27981
28410
28432
29390
29512
29696
30185
30323
31241
31770
32486
32663
32858
33045
33224
33611
33828
34072
34460
34522
34572
35732
36382
36426
36568
36677
37110
37408
37691
37799
37954
38032
38159
38706
39048
39548
40675
40772
41018
41551
41826
43770
44163
44368
44945
44998
45130
45316
46041
46207
47456
48489
48885
48931
49133
49418
50688
51790
52480
52727
52800
53016
53509
53739
54827
55394
56069
57677
58459
59112
59311
59457
59470
59596
59841
60716
60975
61151
61409
61427
61522
62664
63832
64043
64966
66482
67690
67692
67902
69415
69754
70194
70214
70531
72728
74533
76647
77733
79436
84977
87655
87664
88369
89678
91561
92831
93112
93914
94378
96519
96889
98187
99372
99961
100424
100444
102511
102548
103588
104402
104991
105186
105472
106062
106433
106537
107110
107884
107992
109519
110895
111030
111090
111211
111695
111804
111929
112198
112269
112368
113246
113544
113627
114042
114491
114610
117020
117254
117458
117468
117780
118072
119133
119295
119365
121239
122280
122939
125247
125545
126724
127239
127915
128300
130604
131526
132964
133596
136063
136800
136889
137274
141195
143036
143627
146013
146025
146686
149207
149971
153345
153965
160657
161026
162747
165393
165512
166373
166573
167001
167791
174634
176559
176624
182162
185349
186374
186854
187204
190663
194563
194638
195538
196060
196148
197372
198441
198801
199535
199846
199970
202508
208441
212069
216248
217481
235776
235814
239446
243487
249801
256264
261955
263571
265340
274094
276949
278357
283010
296538
300885
301365
301478
301696
301945
302219
302550
302828
303163
303213
303976
304056
304101
304125
304357
304659
304725
305813
307437
307768
307815
308244
308472
308617
309041
309146
309468
309733
309770
309834
310455
311212
311237
311527
311597
311624
312319
312354
312404
312455
312502
312637
314273
314668
315258
315698
316688
316969
317282
317332
317494
317637
317741
317791
318366
320035
320220
320337
320508
320516
320599
321245
321379
321595
321741
322011
322028
322310
323110
323515
324497
326080
326461
326473
326677
326902
327369
328670
328825
329050
329672
329811
329841
330033
330637
334029
334137
334329
334725
334942
335763
335795
336782
338050
340419
341281
342525
342689
343163
345314
345708
347257
347643
347975
349163
350225
350681
350811
351001
351804
351896
353680
354410
355436
355832
355973
356044
356158
356251
357212
357678
362250
364351
364457
365004
365398
366356
368182
368979
369154
369414
371045
371999
373630
376937
379016
379400
380035
381418
381900
382451
383284
383384
384499
385533
386813
386816
390412
391056
393229
393920
394766
396063
403137
403462
404106
404239
404683
405157
405197
410616
414844
415765
416009
416305
417182
417636
419050
419401
419880
420154
421084
423707
424114
426020
426250
426555
427517
427756
428846
430209
430482
431445
431903
432151
435128
438375
438580
438952
441919
443857
444845
446577
446702
447377
449724
450188
451566
452536
452754
455611
456128
456823
457761
458765
459795
466684
467683
470254
471244
472462
474181
474204
478327
480477
481425
482554
492577
503454
505053
506793
509244
510305
513810
514865
519803
521586
521832
523174
527455
528743
532085
533055
533193
533493
536012
543997
546664
551886
556042
570885
571558
572901
581146
586998
591597
592492
594931
609624
613898
620869
636123
636754
639507
642241
642245
642292
642361
642364
642379
642395
642398
642412
642424
642473
642500
642566
642569
642574
642583
642600
642615
642635
642697
642745
642766
642769
642792
642844
642852
642863
642909
642958
642973
642998
643198
643202
643204
643212
643231
643234
643242
643276
643331
643469
643495
643518
643690
643752
643808
643869
643915
643959
644010
644184
644187
644341
644381
644383
644435
644598
644692
644698
644727
644730
644740
644773
644778
644816
644858
644926
644928
644981
644988
645042
645087
645106
645119
645161
645167
645172
645237
645249
645259
645298
645376
645406
645467
645484
645486
645512
645537
645552
645563
645622
645733
645851
645975
645995
646003
646009
646017
646076
646077
646092
646118
646142
646189
646224
646281
646328
646332
646351
646363
646376
646482
646522
646524
646610
646626
646637
646663
646678
646680
646682
646721
646734
646911
646933
646975
647020
647136
647162
647269
647316
647427
647500
647653
647733
647741
647789
647804
647843
647995
648019
648020
648137
648168
648228
648281
648302
648318
648395
648667
648684
648747
648774
648999
649064
649089
649178
649181
649288
649321
649352
649365
649369
649515
649528
649547
649582
649695
649782
649843
649864
649913
649918
650077
650108
650139
650277
650442
650493
650507
650568
650592
650673
650788
650804
650881
650949
651046
651120
651253
651264
651553
651564
652011
652074
652120
652164
652311
652394
652416
652435
652607
652627
652778
652832
652865
652987
653079
653268
653283
653355
653484
653548
653735
653780
653983
654583
654631
655031
655099
655102
655129
655233
655294
655424
655434
655479
655517
655620
655717
655759
655818
655968
656036
656133
656221
656300
656304
656305
656380
656597
656692
656705
656716
656734
656779
656868
656924
657032
657094
657131
657137
657284
657306
657414
657469
657499
657603
657624
657691
657707
658137
658147
658220
658292
658373
658437
658479
658568
658730
658741
658748
658752
658785
658836
658915
659074
659248
659350
659461
659506
659512
659602
659603
659618
659663
659736
659771
659846
659922
659934
659956
659963
660023
660086
660214
660287
660292
660377
660456
660533
660675
660706
660749
660764
660827
660848
660852
661016
661096
661141
661149
661305
661388
661458
661511
661553
661600
661654
662183
662363
662430
662619
662679
662708
662886
662925
663030
663055
663081
663537
663574
663596
663775
663908
663931
663996
664161
664220
664227
664253
664310
664440
664513
664546
664559
664603
664610
664920
665326
665770
665852
665860
666013
666094
666127
666656
666870
667629
667726
667727
667892
667994
668057
668144
668449
668616
668750
668808
668884
669076
669102
669573
669586
669733
669737
669906
669928
669936
670098
670106
670298
670306
670461
670625
670837
671440
671509
671533
671611
671790
671873
671952
672037
672057
672128
672177
672236
672355
672388
672453
672492
672616
672636
672678
672756
672999
673092
673337
673377
673385
673610
673844
674058
674482
675105
675216
675226
675267
675319
675442
675632
675651
675759
675897
675914
675958
675990
676093
676132
676305
676464
676699
676729
676766
676839
676949
677004
677248
677308
677322
677520
677853
678169
678307
678939
679224
679320
680694
681263
681355
681537
681806
682280
682282
682436
683105
683266
683588
684076
684219
684437
684470
684702
684923
685858
686248
686658
686680
686825
687031
687419
687521
688521
688560
688602
688682
688731
688997
689056
689083
689137
689152
689175
690200
690322
690353
690904
690974
690984
691104
691172
691520
691550
691738
692412
692414
692646
692806
692995
693222
693707
693832
693985
694118
694374
694963
695051
695239
695289
695781
695859
695936
696062
696162
696506
696940
696978
697160
697319
697773
697831
698581
699361
699654
699868
699959
700264
700383
700487
700556
700589
700740
701493
702000
702289
702559
702696
702995
703300
703535
703892
704190
704802
705889
706118
706238
706344
706935
707713
708003
709545
709684
710996
711208
711613
712279
712497
713044
714146
715192
716283
716501
716751
717316
717345
717408
717488
719248
719803
720375
720804
721481
722494
722809
723060
723211
723319
723373
724062
724133
724472
725541
726181
726591
729420
730600
730731
730809
731019
731090
731140
732478
732873
733244
733402
734238
734285
734617
734756
734767
735300
735357
735523
735544
735685
735747
735921
736051
736813
737213
737261
737618
738311
738378
738635
738737
739109
740312
740493
740607
740907
741535
743696
744926
744996
745590
745632
745643
745662
745980
746341
747176
747584
747597
748310
748603
749116
750117
750517
750543
750621
750653
751069
751243
751259
751778
752535
752812
752986
754183
755859
756059
756563
756954
756971
757665
758028
758287
758753
758888
759431
759700
760883
761327
762648
763023
763098
763243
763249
763276
764363
764485
764502
765250
765646
766526
767848
768830
769616
769648
769718
769848
770082
771947
772044
772074
772130
772375
772427
772447
772517
773030
773806
773807
773904
774454
775562
776941
777086
777628
777724
778116
778453
778572
779122
779168
779237
780147
780151
781099
781504
781712
782053
782268
782949
783473
783497
783804
783923
783940
784439
785418
785507
785567
785669
785705
785844
786158
786632
786969
787070
787554
788435
788667
788880
788920
789896
791715
792321
792495
792737
793388
793867
793879
793998
794191
794662
795604
796214
796481
796494
796691
796745
796853
797610
798309
798430
798781
799052
799147
799732
800046
800080
800170
800473
800522
800923
800943
801469
801567
801588
801756
802059
804435
805135
805307
805316
805876
805975
805995
806400
806611
806768
806779
807122
807360
808095
808831
808978
809070
809987
810229
810676
810947
812013
812796
813098
813132
813395
813568
814952
815106
815142
815713
816099
816868
817246
818025
818208
818428
818580
818786
819662
820087
824828
825436
826151
826252
826929
827101
828158
828238
828760
829060
830005
830376
831017
831519
831584
831815
832180
832557
832973
833252
833636
833801
833816
833911
834580
834757
835147
835484
836334
837080
838184
838817
839458
840312
842134
842676
843102
846104
846883
847375
847761
847786
848243
851524
851821
853622
855246
855333
855549
855974
857769
857828
858225
858780
859178
860071
860142
860533
861951
862556
863030
863328
863329
864496
865080
868528
871218
873563
873759
874462
874635
875151
875289
875311
875851
876494
876581
877716
877993
878273
878317
878590
878658
879965
880700
881985
882039
882854
883724
883752
884590
885531
885537
886571
887053
887770
888406
888497
888673
890516
893148
893229
893508
893671
894720
895163
895755
896382
896838
898571
898927
899152
899449
899549
902833
903772
904902
906080
908072
912981
913046
913068
914020
914361
915069
915888
915994
916639
919770
920235
926537
928797
929168
931395
933841
935340
941183
941321
942812
943006
943293
944237
944655
945519
945733
946741
949813
950204
950283
952187
953934
959505
960529
960997
962962
964195
969069
970973
971257
973316
978341
978731
987920
999290
1000275
1000409
1008329
1008796
1015532
1022382
1025301
1028962